+---+
| 1 |
+---+
1 0 0 0 0 0
1

+---+ +---+
| 1 | | 1 |
+---+ +---+
2 0 0 0 0 0
2



+---+
| 2 |
+---+
0 1 0 0 0 0 
256

+---+ +---+
| 2 | | 2 |
+---+ +---+
0 2 0 0 0 0 
512



+---+
| 3 |
+---+
0 0 1 0 0 0 
65536

+---+ +---+
| 3 | | 3 |
+---+ +---+
0 0 2 0 0 0 
131072



+---+
| 4 |
+---+
0 0 0 1 0 0 
16777216

+---+ +---+
| 4 | | 4 |
+---+ +---+
0 0 0 2 0 0 
33554432



+---+
| 5 |
+---+
0 0 0 0 1 0 
4294967296

+---+ +---+
| 5 | | 5 |
+---+ +---+
0 0 0 0 2 0 
8589934592



+---+
| 6 |
+---+
0 0 0 0 0 1 
1099511627776

+---+ +---+
| 6 | | 6 |
+---+ +---+
0 0 0 0 0 2 
2199023255552

======

+---+ +---+
| 1 | | 2 |
+---+ +---+
1 1 0 0 0 0 
257


+---+ +---+
| 1 | | 3 |
+---+ +---+
1 0 1 0 0 0 
65537


+---+ +---+
| 2 | | 3 |
+---+ +---+
0 1 1 0 0 0 
65792


+---+ +---+
| 1 | | 4 |
+---+ +---+
1 0 0 1 0 0 
16777217


+---+ +---+
| 5 | | 6 |
+---+ +---+
0 0 0 0 1 1 
1103806595072
